0.000000e+00 -4.672944e-16 5.363570e-18 -4.619308e-16
1.000000e-15 -4.672801e-16 5.349258e-18 -4.619308e-16
2.000000e-15 -4.672547e-16 5.323869e-18 -4.619308e-16
3.000000e-15 -4.672183e-16 5.287534e-18 -4.619308e-16
4.000000e-15 -4.671712e-16 5.240437e-18 -4.619308e-16
5.000000e-15 -4.671136e-16 5.182815e-18 -4.619308e-16
6.000000e-15 -4.670457e-16 5.114958e-18 -4.619307e-16
7.000000e-15 -4.669679e-16 5.037207e-18 -4.619307e-16
8.000000e-15 -4.668806e-16 4.949954e-18 -4.619307e-16
9.000000e-15 -4.667843e-16 4.853641e-18 -4.619307e-16
1.000000e-14 -4.666794e-16 4.748759e-18 -4.619306e-16
1.100000e-14 -4.665664e-16 4.635844e-18 -4.619306e-16
1.200000e-14 -4.664460e-16 4.515480e-18 -4.619306e-16
1.300000e-14 -4.663188e-16 4.388290e-18 -4.619305e-16
1.400000e-14 -4.661854e-16 4.254940e-18 -4.619305e-16
1.500000e-14 -4.660466e-16 4.116132e-18 -4.619304e-16
1.600000e-14 -4.659030e-16 3.972603e-18 -4.619304e-16
1.700000e-14 -4.657554e-16 3.825119e-18 -4.619303e-16
1.800000e-14 -4.656048e-16 3.674473e-18 -4.619303e-16
1.900000e-14 -4.654517e-16 3.521480e-18 -4.619302e-16
2.000000e-14 -4.652971e-16 3.366971e-18 -4.619302e-16
2.100000e-14 -4.651419e-16 3.211789e-18 -4.619301e-16
2.200000e-14 -4.649869e-16 3.056783e-18 -4.619301e-16
2.300000e-14 -4.648328e-16 2.902801e-18 -4.619300e-16
2.400000e-14 -4.646807e-16 2.750686e-18 -4.619300e-16
2.500000e-14 -4.645312e-16 2.601268e-18 -4.619299e-16
2.600000e-14 -4.643852e-16 2.455358e-18 -4.619299e-16
2.700000e-14 -4.642436e-16 2.313742e-18 -4.619298e-16
2.800000e-14 -4.641069e-16 2.177171e-18 -4.619298e-16
2.900000e-14 -4.639761e-16 2.046362e-18 -4.619297e-16
3.000000e-14 -4.638517e-16 1.921984e-18 -4.619297e-16
3.100000e-14 -4.637343e-16 1.804656e-18 -4.619297e-16
3.200000e-14 -4.636246e-16 1.694941e-18 -4.619296e-16
3.300000e-14 -4.635229e-16 1.593343e-18 -4.619296e-16
3.400000e-14 -4.634299e-16 1.500298e-18 -4.619296e-16
3.500000e-14 -4.633457e-16 1.416176e-18 -4.619296e-16
3.600000e-14 -4.632708e-16 1.341275e-18 -4.619295e-16
3.700000e-14 -4.632054e-16 1.275818e-18 -4.619295e-16
3.800000e-14 -4.631495e-16 1.219952e-18 -4.619295e-16
3.900000e-14 -4.631033e-16 1.173750e-18 -4.619295e-16
4.000000e-14 -4.630667e-16 1.137211e-18 -4.619295e-16
4.100000e-14 -4.630398e-16 1.110260e-18 -4.619295e-16
4.200000e-14 -4.630223e-16 1.092748e-18 -4.619296e-16
4.300000e-14 -4.630140e-16 1.084460e-18 -4.619296e-16
4.400000e-14 -4.630147e-16 1.085117e-18 -4.619296e-16
4.500000e-14 -4.630240e-16 1.094378e-18 -4.619296e-16
4.600000e-14 -4.630415e-16 1.111845e-18 -4.619297e-16
4.700000e-14 -4.630668e-16 1.137071e-18 -4.619297e-16
4.800000e-14 -4.630993e-16 1.169562e-18 -4.619297e-16
4.900000e-14 -4.631385e-16 1.208787e-18 -4.619298e-16
5.000000e-14 -4.631840e-16 1.254181e-18 -4.619298e-16
5.100000e-14 -4.632350e-16 1.305155e-18 -4.619298e-16
5.200000e-14 -4.632910e-16 1.361099e-18 -4.619299e-16
5.300000e-14 -4.633513e-16 1.421387e-18 -4.619299e-16
5.400000e-14 -4.634153e-16 1.485388e-18 -4.619299e-16
5.500000e-14 -4.634825e-16 1.552467e-18 -4.619300e-16
5.600000e-14 -4.635520e-16 1.621994e-18 -4.619300e-16
5.700000e-14 -4.636234e-16 1.693348e-18 -4.619301e-16
5.800000e-14 -4.636960e-16 1.765920e-18 -4.619301e-16
5.900000e-14 -4.637693e-16 1.839122e-18 -4.619301e-16
6.000000e-14 -4.638426e-16 1.912387e-18 -4.619302e-16
6.100000e-14 -4.639154e-16 1.985172e-18 -4.619302e-16
6.200000e-14 -4.639872e-16 2.056966e-18 -4.619302e-16
6.300000e-14 -4.640575e-16 2.127293e-18 -4.619303e-16
6.400000e-14 -4.641260e-16 2.195707e-18 -4.619303e-16
6.500000e-14 -4.641921e-16 2.261798e-18 -4.619303e-16
6.600000e-14 -4.642555e-16 2.325197e-18 -4.619303e-16
6.700000e-14 -4.643159e-16 2.385572e-18 -4.619303e-16
6.800000e-14 -4.643730e-16 2.442632e-18 -4.619304e-16
6.900000e-14 -4.644265e-16 2.496127e-18 -4.619304e-16
7.000000e-14 -4.644762e-16 2.545847e-18 -4.619304e-16
7.100000e-14 -4.645220e-16 2.591625e-18 -4.619304e-16
7.200000e-14 -4.645637e-16 2.633337e-18 -4.619304e-16
7.300000e-14 -4.646013e-16 2.670890e-18 -4.619304e-16
7.400000e-14 -4.646346e-16 2.704232e-18 -4.619304e-16
7.500000e-14 -4.646637e-16 2.733351e-18 -4.619304e-16
7.600000e-14 -4.646887e-16 2.758270e-18 -4.619304e-16
7.700000e-14 -4.647094e-16 2.779044e-18 -4.619304e-16
7.800000e-14 -4.647261e-16 2.795766e-18 -4.619304e-16
7.900000e-14 -4.647389e-16 2.808557e-18 -4.619304e-16
8.000000e-14 -4.647479e-16 2.817568e-18 -4.619304e-16
8.100000e-14 -4.647533e-16 2.822974e-18 -4.619303e-16
8.200000e-14 -4.647553e-16 2.824974e-18 -4.619303e-16
8.300000e-14 -4.647541e-16 2.823793e-18 -4.619303e-16
8.400000e-14 -4.647500e-16 2.819674e-18 -4.619303e-16
8.500000e-14 -4.647432e-16 2.812880e-18 -4.619303e-16
8.600000e-14 -4.647339e-16 2.803685e-18 -4.619303e-16
8.700000e-14 -4.647226e-16 2.792378e-18 -4.619302e-16
8.800000e-14 -4.647095e-16 2.779258e-18 -4.619302e-16
8.900000e-14 -4.646948e-16 2.764630e-18 -4.619302e-16
9.000000e-14 -4.646790e-16 2.748804e-18 -4.619302e-16
9.100000e-14 -4.646623e-16 2.732091e-18 -4.619302e-16
9.200000e-14 -4.646450e-16 2.714807e-18 -4.619301e-16
9.300000e-14 -4.646274e-16 2.697258e-18 -4.619301e-16
9.400000e-14 -4.646099e-16 2.679746e-18 -4.619301e-16
9.500000e-14 -4.645927e-16 2.662564e-18 -4.619301e-16
9.600000e-14 -4.645761e-16 2.645993e-18 -4.619301e-16
9.700000e-14 -4.645604e-16 2.630305e-18 -4.619301e-16
9.800000e-14 -4.645458e-16 2.615754e-18 -4.619300e-16
9.900000e-14 -4.645326e-16 2.602576e-18 -4.619300e-16
1.000000e-13 -4.645210e-16 2.590989e-18 -4.619300e-16
1.010000e-13 -4.645112e-16 2.581189e-18 -4.619300e-16
1.020000e-13 -4.645033e-16 2.573349e-18 -4.619300e-16
1.030000e-13 -4.644976e-16 2.567621e-18 -4.619300e-16
1.040000e-13 -4.644941e-16 2.564131e-18 -4.619300e-16
1.050000e-13 -4.644930e-16 2.562978e-18 -4.619300e-16
1.060000e-13 -4.644942e-16 2.564237e-18 -4.619300e-16
1.070000e-13 -4.644979e-16 2.567954e-18 -4.619300e-16
1.080000e-13 -4.645041e-16 2.574153e-18 -4.619300e-16
1.090000e-13 -4.645128e-16 2.582827e-18 -4.619300e-16
1.100000e-13 -4.645239e-16 2.593948e-18 -4.619300e-16
1.110000e-13 -4.645374e-16 2.607459e-18 -4.619300e-16
1.120000e-13 -4.645533e-16 2.623278e-18 -4.619300e-16
1.130000e-13 -4.645713e-16 2.641300e-18 -4.619300e-16
1.140000e-13 -4.645914e-16 2.661400e-18 -4.619300e-16
1.150000e-13 -4.646135e-16 2.683432e-18 -4.619300e-16
1.160000e-13 -4.646373e-16 2.707232e-18 -4.619300e-16
1.170000e-13 -4.646627e-16 2.732615e-18 -4.619300e-16
1.180000e-13 -4.646894e-16 2.759384e-18 -4.619301e-16
1.190000e-13 -4.647174e-16 2.787326e-18 -4.619301e-16
1.200000e-13 -4.647463e-16 2.816214e-18 -4.619301e-16
1.210000e-13 -4.647759e-16 2.845815e-18 -4.619301e-16
1.220000e-13 -4.648060e-16 2.875883e-18 -4.619301e-16
1.230000e-13 -4.648363e-16 2.906176e-18 -4.619301e-16
1.240000e-13 -4.648666e-16 2.936446e-18 -4.619301e-16
1.250000e-13 -4.648966e-16 2.966438e-18 -4.619302e-16
1.260000e-13 -4.649261e-16 2.995901e-18 -4.619302e-16
1.270000e-13 -4.649548e-16 3.024587e-18 -4.619302e-16
1.280000e-13 -4.649825e-16 3.052254e-18 -4.619302e-16
1.290000e-13 -4.650089e-16 3.078663e-18 -4.619302e-16
1.300000e-13 -4.650338e-16 3.103591e-18 -4.619302e-16
1.310000e-13 -4.650571e-16 3.126820e-18 -4.619302e-16
1.320000e-13 -4.650784e-16 3.148144e-18 -4.619303e-16
1.330000e-13 -4.650976e-16 3.167373e-18 -4.619303e-16
1.340000e-13 -4.651146e-16 3.184326e-18 -4.619303e-16
1.350000e-13 -4.651291e-16 3.198847e-18 -4.619303e-16
1.360000e-13 -4.651411e-16 3.210796e-18 -4.619303e-16
1.370000e-13 -4.651504e-16 3.220047e-18 -4.619303e-16
1.380000e-13 -4.651568e-16 3.226498e-18 -4.619303e-16
1.390000e-13 -4.651604e-16 3.230062e-18 -4.619303e-16
1.400000e-13 -4.651610e-16 3.230677e-18 -4.619303e-16
1.410000e-13 -4.651586e-16 3.228299e-18 -4.619303e-16
1.420000e-13 -4.651532e-16 3.222909e-18 -4.619303e-16
1.430000e-13 -4.651448e-16 3.214512e-18 -4.619303e-16
1.440000e-13 -4.651335e-16 3.203135e-18 -4.619303e-16
1.450000e-13 -4.651191e-16 3.188824e-18 -4.619303e-16
1.460000e-13 -4.651020e-16 3.171648e-18 -4.619303e-16
1.470000e-13 -4.650820e-16 3.151694e-18 -4.619303e-16
1.480000e-13 -4.650594e-16 3.129070e-18 -4.619303e-16
1.490000e-13 -4.650342e-16 3.103911e-18 -4.619303e-16
1.500000e-13 -4.650066e-16 3.076363e-18 -4.619303e-16
1.510000e-13 -4.649769e-16 3.046592e-18 -4.619303e-16
1.520000e-13 -4.649450e-16 3.014784e-18 -4.619302e-16
1.530000e-13 -4.649114e-16 2.981137e-18 -4.619302e-16
1.540000e-13 -4.648761e-16 2.945866e-18 -4.619302e-16
1.550000e-13 -4.648394e-16 2.909194e-18 -4.619302e-16
1.560000e-13 -4.648016e-16 2.871361e-18 -4.619302e-16
1.570000e-13 -4.647628e-16 2.832613e-18 -4.619302e-16
1.580000e-13 -4.647234e-16 2.793204e-18 -4.619302e-16
1.590000e-13 -4.646835e-16 2.753392e-18 -4.619301e-16
1.600000e-13 -4.646436e-16 2.713437e-18 -4.619301e-16
1.610000e-13 -4.646037e-16 2.673603e-18 -4.619301e-16
1.620000e-13 -4.645643e-16 2.634156e-18 -4.619301e-16
1.630000e-13 -4.645254e-16 2.595359e-18 -4.619301e-16
1.640000e-13 -4.644875e-16 2.557468e-18 -4.619301e-16
1.650000e-13 -4.644508e-16 2.520731e-18 -4.619300e-16
1.660000e-13 -4.644154e-16 2.485392e-18 -4.619300e-16
1.670000e-13 -4.643817e-16 2.451684e-18 -4.619300e-16
1.680000e-13 -4.643498e-16 2.419822e-18 -4.619300e-16
1.690000e-13 -4.643200e-16 2.390012e-18 -4.619300e-16
1.700000e-13 -4.642924e-16 2.362445e-18 -4.619300e-16
1.710000e-13 -4.642673e-16 2.337295e-18 -4.619300e-16
1.720000e-13 -4.642447e-16 2.314715e-18 -4.619300e-16
1.730000e-13 -4.642248e-16 2.294841e-18 -4.619300e-16
1.740000e-13 -4.642077e-16 2.277788e-18 -4.619300e-16
1.750000e-13 -4.641936e-16 2.263649e-18 -4.619300e-16
1.760000e-13 -4.641824e-16 2.252492e-18 -4.619299e-16
1.770000e-13 -4.641743e-16 2.244369e-18 -4.619299e-16
1.780000e-13 -4.641692e-16 2.239303e-18 -4.619299e-16
1.790000e-13 -4.641672e-16 2.237298e-18 -4.619299e-16
1.800000e-13 -4.641683e-16 2.238335e-18 -4.619300e-16
1.810000e-13 -4.641723e-16 2.242370e-18 -4.619300e-16
1.820000e-13 -4.641793e-16 2.249335e-18 -4.619300e-16
1.830000e-13 -4.641891e-16 2.259142e-18 -4.619300e-16
1.840000e-13 -4.642017e-16 2.271686e-18 -4.619300e-16
1.850000e-13 -4.642168e-16 2.286842e-18 -4.619300e-16
1.860000e-13 -4.642345e-16 2.304460e-18 -4.619300e-16
1.870000e-13 -4.642544e-16 2.324375e-18 -4.619300e-16
1.880000e-13 -4.642764e-16 2.346410e-18 -4.619300e-16
1.890000e-13 -4.643004e-16 2.370369e-18 -4.619300e-16
1.900000e-13 -4.643261e-16 2.396050e-18 -4.619300e-16
1.910000e-13 -4.643533e-16 2.423233e-18 -4.619301e-16
1.920000e-13 -4.643818e-16 2.451693e-18 -4.619301e-16
1.930000e-13 -4.644113e-16 2.481198e-18 -4.619301e-16
1.940000e-13 -4.644416e-16 2.511509e-18 -4.619301e-16
1.950000e-13 -4.644725e-16 2.542382e-18 -4.619301e-16
1.960000e-13 -4.645037e-16 2.573575e-18 -4.619301e-16
1.970000e-13 -4.645350e-16 2.604844e-18 -4.619301e-16
1.980000e-13 -4.645661e-16 2.635953e-18 -4.619302e-16
1.990000e-13 -4.645968e-16 2.666664e-18 -4.619302e-16
2.000000e-13 -4.646269e-16 2.696750e-18 -4.619302e-16
2.010000e-13 -4.646562e-16 2.725989e-18 -4.619302e-16
2.020000e-13 -4.646844e-16 2.754168e-18 -4.619302e-16
2.030000e-13 -4.647113e-16 2.781086e-18 -4.619302e-16
2.040000e-13 -4.647368e-16 2.806553e-18 -4.619302e-16
2.050000e-13 -4.647606e-16 2.830391e-18 -4.619302e-16
2.060000e-13 -4.647827e-16 2.852440e-18 -4.619302e-16
2.070000e-13 -4.648028e-16 2.872554e-18 -4.619303e-16
2.080000e-13 -4.648209e-16 2.890606e-18 -4.619303e-16
2.090000e-13 -4.648368e-16 2.906483e-18 -4.619303e-16
2.100000e-13 -4.648504e-16 2.920093e-18 -4.619303e-16
2.110000e-13 -4.648616e-16 2.931363e-18 -4.619303e-16
2.120000e-13 -4.648705e-16 2.940239e-18 -4.619303e-16
2.130000e-13 -4.648770e-16 2.946688e-18 -4.619303e-16
2.140000e-13 -4.648810e-16 2.950694e-18 -4.619303e-16
2.150000e-13 -4.648825e-16 2.952261e-18 -4.619303e-16
2.160000e-13 -4.648817e-16 2.951411e-18 -4.619303e-16
2.170000e-13 -4.648785e-16 2.948187e-18 -4.619303e-16
2.180000e-13 -4.648729e-16 2.942650e-18 -4.619303e-16
2.190000e-13 -4.648651e-16 2.934875e-18 -4.619303e-16
2.200000e-13 -4.648552e-16 2.924959e-18 -4.619303e-16
2.210000e-13 -4.648433e-16 2.913011e-18 -4.619302e-16
2.220000e-13 -4.648294e-16 2.899158e-18 -4.619302e-16
2.230000e-13 -4.648138e-16 2.883540e-18 -4.619302e-16
2.240000e-13 -4.647965e-16 2.866306e-18 -4.619302e-16
2.250000e-13 -4.647778e-16 2.847617e-18 -4.619302e-16
2.260000e-13 -4.647578e-16 2.827644e-18 -4.619302e-16
2.270000e-13 -4.647368e-16 2.806568e-18 -4.619302e-16
2.280000e-13 -4.647148e-16 2.784574e-18 -4.619302e-16
2.290000e-13 -4.646920e-16 2.761855e-18 -4.619302e-16
2.300000e-13 -4.646688e-16 2.738607e-18 -4.619302e-16
2.310000e-13 -4.646452e-16 2.715026e-18 -4.619301e-16
2.320000e-13 -4.646214e-16 2.691311e-18 -4.619301e-16
2.330000e-13 -4.645978e-16 2.667657e-18 -4.619301e-16
2.340000e-13 -4.645744e-16 2.644263e-18 -4.619301e-16
2.350000e-13 -4.645514e-16 2.621319e-18 -4.619301e-16
2.360000e-13 -4.645291e-16 2.599012e-18 -4.619301e-16
2.370000e-13 -4.645076e-16 2.577524e-18 -4.619301e-16
2.380000e-13 -4.644871e-16 2.557026e-18 -4.619301e-16
2.390000e-13 -4.644677e-16 2.537679e-18 -4.619301e-16
2.400000e-13 -4.644497e-16 2.519636e-18 -4.619300e-16
2.410000e-13 -4.644331e-16 2.503038e-18 -4.619300e-16
2.420000e-13 -4.644180e-16 2.488013e-18 -4.619300e-16
2.430000e-13 -4.644047e-16 2.474677e-18 -4.619300e-16
2.440000e-13 -4.643931e-16 2.463129e-18 -4.619300e-16
2.450000e-13 -4.643835e-16 2.453457e-18 -4.619300e-16
2.460000e-13 -4.643757e-16 2.445731e-18 -4.619300e-16
2.470000e-13 -4.643700e-16 2.440005e-18 -4.619300e-16
2.480000e-13 -4.643663e-16 2.436316e-18 -4.619300e-16
2.490000e-13 -4.643647e-16 2.434685e-18 -4.619300e-16
2.500000e-13 -4.643651e-16 2.435114e-18 -4.619300e-16
2.510000e-13 -4.643676e-16 2.437592e-18 -4.619300e-16
2.520000e-13 -4.643721e-16 2.442093e-18 -4.619300e-16
2.530000e-13 -4.643786e-16 2.448571e-18 -4.619300e-16
2.540000e-13 -4.643870e-16 2.456968e-18 -4.619300e-16
2.550000e-13 -4.643972e-16 2.467206e-18 -4.619300e-16
2.560000e-13 -4.644092e-16 2.479199e-18 -4.619300e-16
2.570000e-13 -4.644229e-16 2.492846e-18 -4.619300e-16
2.580000e-13 -4.644381e-16 2.508036e-18 -4.619300e-16
2.590000e-13 -4.644547e-16 2.524641e-18 -4.619301e-16
2.600000e-13 -4.644726e-16 2.542527e-18 -4.619301e-16
2.610000e-13 -4.644916e-16 2.561554e-18 -4.619301e-16
2.620000e-13 -4.645117e-16 2.581573e-18 -4.619301e-16
2.630000e-13 -4.645325e-16 2.602424e-18 -4.619301e-16
2.640000e-13 -4.645540e-16 2.623945e-18 -4.619301e-16
2.650000e-13 -4.645761e-16 2.645975e-18 -4.619301e-16
2.660000e-13 -4.645985e-16 2.668345e-18 -4.619301e-16
2.670000e-13 -4.646210e-16 2.690891e-18 -4.619301e-16
2.680000e-13 -4.646436e-16 2.713443e-18 -4.619301e-16
2.690000e-13 -4.646660e-16 2.735836e-18 -4.619302e-16
2.700000e-13 -4.646881e-16 2.757907e-18 -4.619302e-16
2.710000e-13 -4.647097e-16 2.779497e-18 -4.619302e-16
2.720000e-13 -4.647306e-16 2.800451e-18 -4.619302e-16
2.730000e-13 -4.647508e-16 2.820624e-18 -4.619302e-16
2.740000e-13 -4.647701e-16 2.839878e-18 -4.619302e-16
2.750000e-13 -4.647883e-16 2.858082e-18 -4.619302e-16
2.760000e-13 -4.648053e-16 2.875112e-18 -4.619302e-16
2.770000e-13 -4.648211e-16 2.890855e-18 -4.619302e-16
2.780000e-13 -4.648354e-16 2.905209e-18 -4.619302e-16
2.790000e-13 -4.648483e-16 2.918082e-18 -4.619302e-16
2.800000e-13 -4.648596e-16 2.929398e-18 -4.619302e-16
2.810000e-13 -4.648693e-16 2.939089e-18 -4.619302e-16
2.820000e-13 -4.648773e-16 2.947101e-18 -4.619302e-16
2.830000e-13 -4.648836e-16 2.953392e-18 -4.619302e-16
2.840000e-13 -4.648882e-16 2.957933e-18 -4.619302e-16
2.850000e-13 -4.648910e-16 2.960712e-18 -4.619302e-16
2.860000e-13 -4.648920e-16 2.961726e-18 -4.619302e-16
2.870000e-13 -4.648912e-16 2.960989e-18 -4.619302e-16
2.880000e-13 -4.648888e-16 2.958522e-18 -4.619302e-16
2.890000e-13 -4.648846e-16 2.954363e-18 -4.619302e-16
2.900000e-13 -4.648788e-16 2.948561e-18 -4.619302e-16
2.910000e-13 -4.648714e-16 2.941177e-18 -4.619302e-16
2.920000e-13 -4.648625e-16 2.932282e-18 -4.619302e-16
2.930000e-13 -4.648522e-16 2.921963e-18 -4.619302e-16
2.940000e-13 -4.648405e-16 2.910317e-18 -4.619302e-16
2.950000e-13 -4.648277e-16 2.897449e-18 -4.619302e-16
2.960000e-13 -4.648137e-16 2.883472e-18 -4.619302e-16
2.970000e-13 -4.647987e-16 2.868503e-18 -4.619302e-16
2.980000e-13 -4.647828e-16 2.852669e-18 -4.619302e-16
2.990000e-13 -4.647663e-16 2.836105e-18 -4.619302e-16
3.000000e-13 -4.647491e-16 2.818949e-18 -4.619302e-16
3.010000e-13 -4.647315e-16 2.801344e-18 -4.619302e-16
3.020000e-13 -4.647136e-16 2.783434e-18 -4.619301e-16
3.030000e-13 -4.646955e-16 2.765365e-18 -4.619301e-16
3.040000e-13 -4.646774e-16 2.747283e-18 -4.619301e-16
3.050000e-13 -4.646595e-16 2.729334e-18 -4.619301e-16
3.060000e-13 -4.646418e-16 2.711661e-18 -4.619301e-16
3.070000e-13 -4.646245e-16 2.694403e-18 -4.619301e-16
3.080000e-13 -4.646078e-16 2.677699e-18 -4.619301e-16
3.090000e-13 -4.645918e-16 2.661678e-18 -4.619301e-16
3.100000e-13 -4.645765e-16 2.646463e-18 -4.619301e-16
3.110000e-13 -4.645622e-16 2.632173e-18 -4.619301e-16
3.120000e-13 -4.645490e-16 2.618912e-18 -4.619301e-16
3.130000e-13 -4.645368e-16 2.606775e-18 -4.619301e-16
3.140000e-13 -4.645259e-16 2.595849e-18 -4.619301e-16
3.150000e-13 -4.645163e-16 2.586212e-18 -4.619301e-16
3.160000e-13 -4.645080e-16 2.577928e-18 -4.619301e-16
3.170000e-13 -4.645011e-16 2.571051e-18 -4.619300e-16
3.180000e-13 -4.644957e-16 2.565621e-18 -4.619300e-16
3.190000e-13 -4.644917e-16 2.561662e-18 -4.619300e-16
3.200000e-13 -4.644892e-16 2.559184e-18 -4.619300e-16
3.210000e-13 -4.644882e-16 2.558189e-18 -4.619300e-16
3.220000e-13 -4.644887e-16 2.558663e-18 -4.619301e-16
3.230000e-13 -4.644906e-16 2.560581e-18 -4.619301e-16
3.240000e-13 -4.644940e-16 2.563906e-18 -4.619301e-16
3.250000e-13 -4.644987e-16 2.568587e-18 -4.619301e-16
3.260000e-13 -4.645046e-16 2.574562e-18 -4.619301e-16
3.270000e-13 -4.645118e-16 2.581756e-18 -4.619301e-16
3.280000e-13 -4.645202e-16 2.590087e-18 -4.619301e-16
3.290000e-13 -4.645295e-16 2.599464e-18 -4.619301e-16
3.300000e-13 -4.645399e-16 2.609784e-18 -4.619301e-16
3.310000e-13 -4.645510e-16 2.620936e-18 -4.619301e-16
3.320000e-13 -4.645629e-16 2.632802e-18 -4.619301e-16
3.330000e-13 -4.645754e-16 2.645261e-18 -4.619301e-16
3.340000e-13 -4.645883e-16 2.658187e-18 -4.619301e-16
3.350000e-13 -4.646016e-16 2.671448e-18 -4.619301e-16
3.360000e-13 -4.646151e-16 2.684913e-18 -4.619301e-16
3.370000e-13 -4.646286e-16 2.698450e-18 -4.619301e-16
3.380000e-13 -4.646421e-16 2.711924e-18 -4.619302e-16
3.390000e-13 -4.646554e-16 2.725206e-18 -4.619302e-16
3.400000e-13 -4.646683e-16 2.738163e-18 -4.619302e-16
3.410000e-13 -4.646809e-16 2.750671e-18 -4.619302e-16
3.420000e-13 -4.646928e-16 2.762610e-18 -4.619302e-16
3.430000e-13 -4.647041e-16 2.773865e-18 -4.619302e-16
3.440000e-13 -4.647145e-16 2.784325e-18 -4.619302e-16
3.450000e-13 -4.647241e-16 2.793889e-18 -4.619302e-16
3.460000e-13 -4.647327e-16 2.802468e-18 -4.619302e-16
3.470000e-13 -4.647402e-16 2.809979e-18 -4.619302e-16
3.480000e-13 -4.647466e-16 2.816349e-18 -4.619302e-16
3.490000e-13 -4.647517e-16 2.821514e-18 -4.619302e-16
3.500000e-13 -4.647557e-16 2.825425e-18 -4.619302e-16
3.510000e-13 -4.647583e-16 2.828039e-18 -4.619302e-16
3.520000e-13 -4.647596e-16 2.829331e-18 -4.619302e-16
3.530000e-13 -4.647595e-16 2.829282e-18 -4.619302e-16
3.540000e-13 -4.647581e-16 2.827889e-18 -4.619302e-16
3.550000e-13 -4.647554e-16 2.825163e-18 -4.619302e-16
3.560000e-13 -4.647514e-16 2.821124e-18 -4.619302e-16
3.570000e-13 -4.647460e-16 2.815807e-18 -4.619302e-16
3.580000e-13 -4.647395e-16 2.809252e-18 -4.619302e-16
3.590000e-13 -4.647317e-16 2.801512e-18 -4.619302e-16
3.600000e-13 -4.647229e-16 2.792654e-18 -4.619302e-16
3.610000e-13 -4.647130e-16 2.782753e-18 -4.619302e-16
3.620000e-13 -4.647021e-16 2.771889e-18 -4.619302e-16
3.630000e-13 -4.646903e-16 2.760150e-18 -4.619302e-16
3.640000e-13 -4.646778e-16 2.747635e-18 -4.619302e-16
3.650000e-13 -4.646646e-16 2.734448e-18 -4.619302e-16
3.660000e-13 -4.646509e-16 2.720696e-18 -4.619302e-16
3.670000e-13 -4.646367e-16 2.706489e-18 -4.619302e-16
3.680000e-13 -4.646221e-16 2.691944e-18 -4.619302e-16
3.690000e-13 -4.646073e-16 2.677175e-18 -4.619302e-16
3.700000e-13 -4.645925e-16 2.662306e-18 -4.619301e-16
3.710000e-13 -4.645776e-16 2.647451e-18 -4.619301e-16
3.720000e-13 -4.645629e-16 2.632727e-18 -4.619301e-16
3.730000e-13 -4.645484e-16 2.618251e-18 -4.619301e-16
3.740000e-13 -4.645342e-16 2.604132e-18 -4.619301e-16
3.750000e-13 -4.645206e-16 2.590478e-18 -4.619301e-16
3.760000e-13 -4.645075e-16 2.577392e-18 -4.619301e-16
3.770000e-13 -4.644951e-16 2.564969e-18 -4.619301e-16
3.780000e-13 -4.644834e-16 2.553303e-18 -4.619301e-16
3.790000e-13 -4.644726e-16 2.542478e-18 -4.619301e-16
3.800000e-13 -4.644627e-16 2.532572e-18 -4.619301e-16
3.810000e-13 -4.644537e-16 2.523655e-18 -4.619301e-16
3.820000e-13 -4.644459e-16 2.515787e-18 -4.619301e-16
3.830000e-13 -4.644391e-16 2.509024e-18 -4.619301e-16
3.840000e-13 -4.644335e-16 2.503411e-18 -4.619301e-16
3.850000e-13 -4.644291e-16 2.498990e-18 -4.619301e-16
3.860000e-13 -4.644259e-16 2.495788e-18 -4.619301e-16
3.870000e-13 -4.644239e-16 2.493824e-18 -4.619301e-16
3.880000e-13 -4.644232e-16 2.493108e-18 -4.619301e-16
3.890000e-13 -4.644237e-16 2.493643e-18 -4.619301e-16
3.900000e-13 -4.644255e-16 2.495423e-18 -4.619301e-16
3.910000e-13 -4.644285e-16 2.498432e-18 -4.619301e-16
3.920000e-13 -4.644327e-16 2.502649e-18 -4.619301e-16
3.930000e-13 -4.644381e-16 2.508047e-18 -4.619301e-16
3.940000e-13 -4.644447e-16 2.514586e-18 -4.619301e-16
3.950000e-13 -4.644523e-16 2.522221e-18 -4.619301e-16
3.960000e-13 -4.644610e-16 2.530901e-18 -4.619301e-16
3.970000e-13 -4.644707e-16 2.540567e-18 -4.619301e-16
3.980000e-13 -4.644813e-16 2.551155e-18 -4.619301e-16
3.990000e-13 -4.644927e-16 2.562597e-18 -4.619301e-16
4.000000e-13 -4.645049e-16 2.574822e-18 -4.619301e-16
4.010000e-13 -4.645179e-16 2.587746e-18 -4.619301e-16
4.020000e-13 -4.645314e-16 2.601288e-18 -4.619301e-16
4.030000e-13 -4.645455e-16 2.615359e-18 -4.619301e-16
4.040000e-13 -4.645600e-16 2.629873e-18 -4.619301e-16
4.050000e-13 -4.645749e-16 2.644737e-18 -4.619301e-16
4.060000e-13 -4.645900e-16 2.659859e-18 -4.619301e-16
4.070000e-13 -4.646053e-16 2.675148e-18 -4.619301e-16
4.080000e-13 -4.646207e-16 2.690510e-18 -4.619301e-16
4.090000e-13 -4.646360e-16 2.705853e-18 -4.619302e-16
4.100000e-13 -4.646512e-16 2.721085e-18 -4.619302e-16
4.110000e-13 -4.646663e-16 2.736118e-18 -4.619302e-16
4.120000e-13 -4.646810e-16 2.750866e-18 -4.619302e-16
4.130000e-13 -4.646954e-16 2.765247e-18 -4.619302e-16
4.140000e-13 -4.647094e-16 2.779185e-18 -4.619302e-16
4.150000e-13 -4.647228e-16 2.792603e-18 -4.619302e-16
4.160000e-13 -4.647356e-16 2.805431e-18 -4.619302e-16
4.170000e-13 -4.647478e-16 2.817607e-18 -4.619302e-16
4.180000e-13 -4.647593e-16 2.829073e-18 -4.619302e-16
4.190000e-13 -4.647700e-16 2.839774e-18 -4.619302e-16
4.200000e-13 -4.647799e-16 2.849667e-18 -4.619302e-16
4.210000e-13 -4.647889e-16 2.858710e-18 -4.619302e-16
4.220000e-13 -4.647971e-16 2.866870e-18 -4.619302e-16
4.230000e-13 -4.648043e-16 2.874121e-18 -4.619302e-16
4.240000e-13 -4.648106e-16 2.880439e-18 -4.619302e-16
4.250000e-13 -4.648160e-16 2.885812e-18 -4.619302e-16
4.260000e-13 -4.648204e-16 2.890234e-18 -4.619302e-16
4.270000e-13 -4.648239e-16 2.893704e-18 -4.619302e-16
4.280000e-13 -4.648264e-16 2.896233e-18 -4.619302e-16
4.290000e-13 -4.648280e-16 2.897832e-18 -4.619302e-16
4.300000e-13 -4.648287e-16 2.898522e-18 -4.619302e-16
4.310000e-13 -4.648285e-16 2.898329e-18 -4.619302e-16
4.320000e-13 -4.648275e-16 2.897284e-18 -4.619302e-16
4.330000e-13 -4.648256e-16 2.895425e-18 -4.619302e-16
4.340000e-13 -4.648230e-16 2.892792e-18 -4.619302e-16
4.350000e-13 -4.648196e-16 2.889427e-18 -4.619302e-16
4.360000e-13 -4.648156e-16 2.885378e-18 -4.619302e-16
4.370000e-13 -4.648109e-16 2.880699e-18 -4.619302e-16
4.380000e-13 -4.648056e-16 2.875447e-18 -4.619302e-16
4.390000e-13 -4.647998e-16 2.869678e-18 -4.619302e-16
4.400000e-13 -4.647936e-16 2.863450e-18 -4.619302e-16
4.410000e-13 -4.647870e-16 2.856823e-18 -4.619302e-16
4.420000e-13 -4.647800e-16 2.849858e-18 -4.619302e-16
4.430000e-13 -4.647728e-16 2.842614e-18 -4.619302e-16
4.440000e-13 -4.647653e-16 2.835152e-18 -4.619302e-16
4.450000e-13 -4.647577e-16 2.827534e-18 -4.619301e-16
4.460000e-13 -4.647500e-16 2.819819e-18 -4.619301e-16
4.470000e-13 -4.647422e-16 2.812067e-18 -4.619301e-16
4.480000e-13 -4.647345e-16 2.804334e-18 -4.619301e-16
4.490000e-13 -4.647268e-16 2.796672e-18 -4.619301e-16
4.500000e-13 -4.647193e-16 2.789132e-18 -4.619301e-16
4.510000e-13 -4.647119e-16 2.781764e-18 -4.619301e-16
4.520000e-13 -4.647047e-16 2.774614e-18 -4.619301e-16
4.530000e-13 -4.646978e-16 2.767722e-18 -4.619301e-16
4.540000e-13 -4.646913e-16 2.761129e-18 -4.619301e-16
4.550000e-13 -4.646850e-16 2.754870e-18 -4.619301e-16
4.560000e-13 -4.646791e-16 2.748976e-18 -4.619301e-16
4.570000e-13 -4.646736e-16 2.743473e-18 -4.619301e-16
4.580000e-13 -4.646685e-16 2.738388e-18 -4.619301e-16
4.590000e-13 -4.646639e-16 2.733740e-18 -4.619301e-16
4.600000e-13 -4.646597e-16 2.729546e-18 -4.619301e-16
4.610000e-13 -4.646559e-16 2.725821e-18 -4.619301e-16
4.620000e-13 -4.646527e-16 2.722573e-18 -4.619301e-16
4.630000e-13 -4.646499e-16 2.719806e-18 -4.619301e-16
4.640000e-13 -4.646476e-16 2.717524e-18 -4.619301e-16
4.650000e-13 -4.646458e-16 2.715724e-18 -4.619301e-16
4.660000e-13 -4.646445e-16 2.714402e-18 -4.619301e-16
4.670000e-13 -4.646437e-16 2.713551e-18 -4.619301e-16
4.680000e-13 -4.646433e-16 2.713157e-18 -4.619301e-16
4.690000e-13 -4.646433e-16 2.713209e-18 -4.619301e-16
4.700000e-13 -4.646438e-16 2.713691e-18 -4.619301e-16
4.710000e-13 -4.646447e-16 2.714585e-18 -4.619301e-16
4.720000e-13 -4.646460e-16 2.715875e-18 -4.619301e-16
4.730000e-13 -4.646477e-16 2.717535e-18 -4.619301e-16
4.740000e-13 -4.646497e-16 2.719537e-18 -4.619301e-16
4.750000e-13 -4.646520e-16 2.721854e-18 -4.619301e-16
4.760000e-13 -4.646546e-16 2.724459e-18 -4.619301e-16
4.770000e-13 -4.646575e-16 2.727322e-18 -4.619301e-16
4.780000e-13 -4.646605e-16 2.730410e-18 -4.619301e-16
4.790000e-13 -4.646638e-16 2.733690e-18 -4.619301e-16
4.800000e-13 -4.646673e-16 2.737128e-18 -4.619301e-16
4.810000e-13 -4.646708e-16 2.740695e-18 -4.619301e-16
4.820000e-13 -4.646745e-16 2.744351e-18 -4.619301e-16
4.830000e-13 -4.646782e-16 2.748058e-18 -4.619301e-16
4.840000e-13 -4.646819e-16 2.751783e-18 -4.619301e-16
4.850000e-13 -4.646856e-16 2.755494e-18 -4.619301e-16
4.860000e-13 -4.646893e-16 2.759158e-18 -4.619301e-16
4.870000e-13 -4.646929e-16 2.762740e-18 -4.619301e-16
4.880000e-13 -4.646964e-16 2.766213e-18 -4.619302e-16
4.890000e-13 -4.646997e-16 2.769540e-18 -4.619302e-16
4.900000e-13 -4.647028e-16 2.772694e-18 -4.619302e-16
4.910000e-13 -4.647058e-16 2.775644e-18 -4.619302e-16
4.920000e-13 -4.647085e-16 2.778363e-18 -4.619302e-16
4.930000e-13 -4.647110e-16 2.780828e-18 -4.619302e-16
4.940000e-13 -4.647132e-16 2.783015e-18 -4.619302e-16
4.950000e-13 -4.647151e-16 2.784903e-18 -4.619302e-16
4.960000e-13 -4.647166e-16 2.786475e-18 -4.619302e-16
4.970000e-13 -4.647179e-16 2.787715e-18 -4.619302e-16
4.980000e-13 -4.647188e-16 2.788613e-18 -4.619302e-16
4.990000e-13 -4.647193e-16 2.789158e-18 -4.619302e-16
5.000000e-13 -4.647195e-16 2.789340e-18 -4.619302e-16
