0.000000e+00 -4.112945e-16 5.363299e-18 -4.059312e-16
1.000000e-15 -4.112805e-16 5.349326e-18 -4.059312e-16
2.000000e-15 -4.112573e-16 5.326105e-18 -4.059312e-16
3.000000e-15 -4.112249e-16 5.293744e-18 -4.059312e-16
4.000000e-15 -4.111836e-16 5.252395e-18 -4.059312e-16
5.000000e-15 -4.111334e-16 5.202252e-18 -4.059312e-16
6.000000e-15 -4.110747e-16 5.143548e-18 -4.059311e-16
7.000000e-15 -4.110077e-16 5.076559e-18 -4.059311e-16
8.000000e-15 -4.109327e-16 5.001598e-18 -4.059311e-16
9.000000e-15 -4.108501e-16 4.919013e-18 -4.059311e-16
1.000000e-14 -4.107602e-16 4.829189e-18 -4.059310e-16
1.100000e-14 -4.106636e-16 4.732545e-18 -4.059310e-16
1.200000e-14 -4.105605e-16 4.629530e-18 -4.059310e-16
1.300000e-14 -4.104516e-16 4.520621e-18 -4.059310e-16
1.400000e-14 -4.103372e-16 4.406322e-18 -4.059309e-16
1.500000e-14 -4.102180e-16 4.287162e-18 -4.059309e-16
1.600000e-14 -4.100945e-16 4.163688e-18 -4.059309e-16
1.700000e-14 -4.099673e-16 4.036467e-18 -4.059308e-16
1.800000e-14 -4.098369e-16 3.906081e-18 -4.059308e-16
1.900000e-14 -4.097039e-16 3.773125e-18 -4.059307e-16
2.000000e-14 -4.095689e-16 3.638199e-18 -4.059307e-16
2.100000e-14 -4.094326e-16 3.501913e-18 -4.059307e-16
2.200000e-14 -4.092955e-16 3.364877e-18 -4.059306e-16
2.300000e-14 -4.091583e-16 3.227700e-18 -4.059306e-16
2.400000e-14 -4.090215e-16 3.090987e-18 -4.059306e-16
2.500000e-14 -4.088859e-16 2.955335e-18 -4.059305e-16
2.600000e-14 -4.087518e-16 2.821331e-18 -4.059305e-16
2.700000e-14 -4.086200e-16 2.689547e-18 -4.059304e-16
2.800000e-14 -4.084910e-16 2.560539e-18 -4.059304e-16
2.900000e-14 -4.083652e-16 2.434840e-18 -4.059304e-16
3.000000e-14 -4.082433e-16 2.312961e-18 -4.059303e-16
3.100000e-14 -4.081257e-16 2.195390e-18 -4.059303e-16
3.200000e-14 -4.080129e-16 2.082581e-18 -4.059303e-16
3.300000e-14 -4.079052e-16 1.974961e-18 -4.059303e-16
3.400000e-14 -4.078032e-16 1.872922e-18 -4.059302e-16
3.500000e-14 -4.077070e-16 1.776821e-18 -4.059302e-16
3.600000e-14 -4.076172e-16 1.686977e-18 -4.059302e-16
3.700000e-14 -4.075339e-16 1.603672e-18 -4.059302e-16
3.800000e-14 -4.074573e-16 1.527147e-18 -4.059302e-16
3.900000e-14 -4.073878e-16 1.457602e-18 -4.059302e-16
4.000000e-14 -4.073254e-16 1.395196e-18 -4.059302e-16
4.100000e-14 -4.072702e-16 1.340045e-18 -4.059302e-16
4.200000e-14 -4.072224e-16 1.292223e-18 -4.059302e-16
4.300000e-14 -4.071819e-16 1.251762e-18 -4.059302e-16
4.400000e-14 -4.071488e-16 1.218651e-18 -4.059302e-16
4.500000e-14 -4.071230e-16 1.192841e-18 -4.059302e-16
4.600000e-14 -4.071044e-16 1.174238e-18 -4.059302e-16
4.700000e-14 -4.070929e-16 1.162714e-18 -4.059302e-16
4.800000e-14 -4.070883e-16 1.158099e-18 -4.059302e-16
4.900000e-14 -4.070904e-16 1.160191e-18 -4.059302e-16
5.000000e-14 -4.070990e-16 1.168752e-18 -4.059302e-16
5.100000e-14 -4.071138e-16 1.183511e-18 -4.059302e-16
5.200000e-14 -4.071344e-16 1.204171e-18 -4.059303e-16
5.300000e-14 -4.071607e-16 1.230405e-18 -4.059303e-16
5.400000e-14 -4.071922e-16 1.261862e-18 -4.059303e-16
5.500000e-14 -4.072285e-16 1.298170e-18 -4.059303e-16
5.600000e-14 -4.072693e-16 1.338938e-18 -4.059304e-16
5.700000e-14 -4.073142e-16 1.383760e-18 -4.059304e-16
5.800000e-14 -4.073626e-16 1.432213e-18 -4.059304e-16
5.900000e-14 -4.074143e-16 1.483869e-18 -4.059304e-16
6.000000e-14 -4.074688e-16 1.538290e-18 -4.059305e-16
6.100000e-14 -4.075255e-16 1.595035e-18 -4.059305e-16
6.200000e-14 -4.075842e-16 1.653662e-18 -4.059305e-16
6.300000e-14 -4.076443e-16 1.713729e-18 -4.059306e-16
6.400000e-14 -4.077054e-16 1.774801e-18 -4.059306e-16
6.500000e-14 -4.077671e-16 1.836449e-18 -4.059306e-16
6.600000e-14 -4.078289e-16 1.898255e-18 -4.059306e-16
6.700000e-14 -4.078905e-16 1.959812e-18 -4.059307e-16
6.800000e-14 -4.079514e-16 2.020729e-18 -4.059307e-16
6.900000e-14 -4.080113e-16 2.080632e-18 -4.059307e-16
7.000000e-14 -4.080699e-16 2.139165e-18 -4.059307e-16
7.100000e-14 -4.081267e-16 2.195995e-18 -4.059307e-16
7.200000e-14 -4.081816e-16 2.250810e-18 -4.059308e-16
7.300000e-14 -4.082341e-16 2.303323e-18 -4.059308e-16
7.400000e-14 -4.082841e-16 2.353271e-18 -4.059308e-16
7.500000e-14 -4.083312e-16 2.400420e-18 -4.059308e-16
7.600000e-14 -4.083754e-16 2.444563e-18 -4.059308e-16
7.700000e-14 -4.084163e-16 2.485518e-18 -4.059308e-16
7.800000e-14 -4.084540e-16 2.523137e-18 -4.059308e-16
7.900000e-14 -4.084881e-16 2.557298e-18 -4.059308e-16
8.000000e-14 -4.085188e-16 2.587908e-18 -4.059308e-16
8.100000e-14 -4.085457e-16 2.614904e-18 -4.059308e-16
8.200000e-14 -4.085691e-16 2.638253e-18 -4.059308e-16
8.300000e-14 -4.085888e-16 2.657948e-18 -4.059308e-16
8.400000e-14 -4.086049e-16 2.674012e-18 -4.059308e-16
8.500000e-14 -4.086173e-16 2.686494e-18 -4.059308e-16
8.600000e-14 -4.086263e-16 2.695468e-18 -4.059308e-16
8.700000e-14 -4.086319e-16 2.701037e-18 -4.059308e-16
8.800000e-14 -4.086341e-16 2.703322e-18 -4.059308e-16
8.900000e-14 -4.086333e-16 2.702472e-18 -4.059308e-16
9.000000e-14 -4.086294e-16 2.698652e-18 -4.059308e-16
9.100000e-14 -4.086228e-16 2.692049e-18 -4.059308e-16
9.200000e-14 -4.086136e-16 2.682867e-18 -4.059308e-16
9.300000e-14 -4.086021e-16 2.671326e-18 -4.059307e-16
9.400000e-14 -4.085884e-16 2.657658e-18 -4.059307e-16
9.500000e-14 -4.085728e-16 2.642108e-18 -4.059307e-16
9.600000e-14 -4.085556e-16 2.624932e-18 -4.059307e-16
9.700000e-14 -4.085371e-16 2.606391e-18 -4.059307e-16
9.800000e-14 -4.085174e-16 2.586754e-18 -4.059307e-16
9.900000e-14 -4.084969e-16 2.566292e-18 -4.059307e-16
1.000000e-13 -4.084759e-16 2.545279e-18 -4.059306e-16
1.010000e-13 -4.084546e-16 2.523988e-18 -4.059306e-16
1.020000e-13 -4.084333e-16 2.502687e-18 -4.059306e-16
1.030000e-13 -4.084122e-16 2.481644e-18 -4.059306e-16
1.040000e-13 -4.083917e-16 2.461117e-18 -4.059306e-16
1.050000e-13 -4.083719e-16 2.441356e-18 -4.059306e-16
1.060000e-13 -4.083531e-16 2.422602e-18 -4.059305e-16
1.070000e-13 -4.083356e-16 2.405085e-18 -4.059305e-16
1.080000e-13 -4.083195e-16 2.389019e-18 -4.059305e-16
1.090000e-13 -4.083051e-16 2.374605e-18 -4.059305e-16
1.100000e-13 -4.082925e-16 2.362027e-18 -4.059305e-16
1.110000e-13 -4.082819e-16 2.351452e-18 -4.059305e-16
1.120000e-13 -4.082735e-16 2.343030e-18 -4.059305e-16
1.130000e-13 -4.082674e-16 2.336887e-18 -4.059305e-16
1.140000e-13 -4.082636e-16 2.333135e-18 -4.059305e-16
1.150000e-13 -4.082623e-16 2.331860e-18 -4.059305e-16
1.160000e-13 -4.082636e-16 2.333129e-18 -4.059305e-16
1.170000e-13 -4.082674e-16 2.336988e-18 -4.059305e-16
1.180000e-13 -4.082739e-16 2.343460e-18 -4.059305e-16
1.190000e-13 -4.082830e-16 2.352547e-18 -4.059305e-16
1.200000e-13 -4.082947e-16 2.364228e-18 -4.059305e-16
1.210000e-13 -4.083089e-16 2.378464e-18 -4.059305e-16
1.220000e-13 -4.083257e-16 2.395191e-18 -4.059305e-16
1.230000e-13 -4.083448e-16 2.414329e-18 -4.059305e-16
1.240000e-13 -4.083663e-16 2.435776e-18 -4.059305e-16
1.250000e-13 -4.083899e-16 2.459412e-18 -4.059305e-16
1.260000e-13 -4.084156e-16 2.485101e-18 -4.059305e-16
1.270000e-13 -4.084432e-16 2.512689e-18 -4.059305e-16
1.280000e-13 -4.084725e-16 2.542008e-18 -4.059305e-16
1.290000e-13 -4.085034e-16 2.572876e-18 -4.059305e-16
1.300000e-13 -4.085356e-16 2.605099e-18 -4.059305e-16
1.310000e-13 -4.085690e-16 2.638473e-18 -4.059306e-16
1.320000e-13 -4.086034e-16 2.672782e-18 -4.059306e-16
1.330000e-13 -4.086384e-16 2.707807e-18 -4.059306e-16
1.340000e-13 -4.086739e-16 2.743320e-18 -4.059306e-16
1.350000e-13 -4.087097e-16 2.779089e-18 -4.059306e-16
1.360000e-13 -4.087455e-16 2.814882e-18 -4.059306e-16
1.370000e-13 -4.087811e-16 2.850465e-18 -4.059306e-16
1.380000e-13 -4.088163e-16 2.885603e-18 -4.059307e-16
1.390000e-13 -4.088507e-16 2.920067e-18 -4.059307e-16
1.400000e-13 -4.088843e-16 2.953631e-18 -4.059307e-16
1.410000e-13 -4.089168e-16 2.986075e-18 -4.059307e-16
1.420000e-13 -4.089479e-16 3.017187e-18 -4.059307e-16
1.430000e-13 -4.089775e-16 3.046764e-18 -4.059307e-16
1.440000e-13 -4.090053e-16 3.074612e-18 -4.059307e-16
1.450000e-13 -4.090313e-16 3.100552e-18 -4.059307e-16
1.460000e-13 -4.090552e-16 3.124415e-18 -4.059308e-16
1.470000e-13 -4.090768e-16 3.146048e-18 -4.059308e-16
1.480000e-13 -4.090961e-16 3.165313e-18 -4.059308e-16
1.490000e-13 -4.091129e-16 3.182088e-18 -4.059308e-16
1.500000e-13 -4.091271e-16 3.196268e-18 -4.059308e-16
1.510000e-13 -4.091386e-16 3.207765e-18 -4.059308e-16
1.520000e-13 -4.091473e-16 3.216512e-18 -4.059308e-16
1.530000e-13 -4.091533e-16 3.222458e-18 -4.059308e-16
1.540000e-13 -4.091564e-16 3.225571e-18 -4.059308e-16
1.550000e-13 -4.091566e-16 3.225839e-18 -4.059308e-16
1.560000e-13 -4.091541e-16 3.223270e-18 -4.059308e-16
1.570000e-13 -4.091487e-16 3.217891e-18 -4.059308e-16
1.580000e-13 -4.091405e-16 3.209745e-18 -4.059308e-16
1.590000e-13 -4.091297e-16 3.198898e-18 -4.059308e-16
1.600000e-13 -4.091162e-16 3.185430e-18 -4.059308e-16
1.610000e-13 -4.091002e-16 3.169441e-18 -4.059308e-16
1.620000e-13 -4.090818e-16 3.151048e-18 -4.059308e-16
1.630000e-13 -4.090611e-16 3.130380e-18 -4.059307e-16
1.640000e-13 -4.090383e-16 3.107587e-18 -4.059307e-16
1.650000e-13 -4.090136e-16 3.082827e-18 -4.059307e-16
1.660000e-13 -4.089870e-16 3.056274e-18 -4.059307e-16
1.670000e-13 -4.089588e-16 3.028113e-18 -4.059307e-16
1.680000e-13 -4.089292e-16 2.998539e-18 -4.059307e-16
1.690000e-13 -4.088984e-16 2.967755e-18 -4.059307e-16
1.700000e-13 -4.088666e-16 2.935973e-18 -4.059307e-16
1.710000e-13 -4.088341e-16 2.903408e-18 -4.059307e-16
1.720000e-13 -4.088009e-16 2.870283e-18 -4.059306e-16
1.730000e-13 -4.087674e-16 2.836821e-18 -4.059306e-16
1.740000e-13 -4.087339e-16 2.803248e-18 -4.059306e-16
1.750000e-13 -4.087004e-16 2.769787e-18 -4.059306e-16
1.760000e-13 -4.086672e-16 2.736661e-18 -4.059306e-16
1.770000e-13 -4.086347e-16 2.704089e-18 -4.059306e-16
1.780000e-13 -4.086028e-16 2.672286e-18 -4.059306e-16
1.790000e-13 -4.085720e-16 2.641459e-18 -4.059305e-16
1.800000e-13 -4.085423e-16 2.611806e-18 -4.059305e-16
1.810000e-13 -4.085140e-16 2.583518e-18 -4.059305e-16
1.820000e-13 -4.084873e-16 2.556773e-18 -4.059305e-16
1.830000e-13 -4.084622e-16 2.531740e-18 -4.059305e-16
1.840000e-13 -4.084391e-16 2.508571e-18 -4.059305e-16
1.850000e-13 -4.084179e-16 2.487407e-18 -4.059305e-16
1.860000e-13 -4.083988e-16 2.468372e-18 -4.059305e-16
1.870000e-13 -4.083820e-16 2.451575e-18 -4.059305e-16
1.880000e-13 -4.083676e-16 2.437109e-18 -4.059305e-16
1.890000e-13 -4.083555e-16 2.425048e-18 -4.059305e-16
1.900000e-13 -4.083459e-16 2.415449e-18 -4.059305e-16
1.910000e-13 -4.083388e-16 2.408353e-18 -4.059305e-16
1.920000e-13 -4.083342e-16 2.403779e-18 -4.059305e-16
1.930000e-13 -4.083322e-16 2.401732e-18 -4.059305e-16
1.940000e-13 -4.083327e-16 2.402195e-18 -4.059305e-16
1.950000e-13 -4.083356e-16 2.405137e-18 -4.059305e-16
1.960000e-13 -4.083410e-16 2.410506e-18 -4.059305e-16
1.970000e-13 -4.083487e-16 2.418235e-18 -4.059305e-16
1.980000e-13 -4.083587e-16 2.428239e-18 -4.059305e-16
1.990000e-13 -4.083709e-16 2.440420e-18 -4.059305e-16
2.000000e-13 -4.083852e-16 2.454662e-18 -4.059305e-16
2.010000e-13 -4.084013e-16 2.470837e-18 -4.059305e-16
2.020000e-13 -4.084193e-16 2.488803e-18 -4.059305e-16
2.030000e-13 -4.084389e-16 2.508407e-18 -4.059305e-16
2.040000e-13 -4.084600e-16 2.529484e-18 -4.059305e-16
2.050000e-13 -4.084824e-16 2.551862e-18 -4.059305e-16
2.060000e-13 -4.085059e-16 2.575359e-18 -4.059306e-16
2.070000e-13 -4.085304e-16 2.599786e-18 -4.059306e-16
2.080000e-13 -4.085555e-16 2.624950e-18 -4.059306e-16
2.090000e-13 -4.085812e-16 2.650654e-18 -4.059306e-16
2.100000e-13 -4.086073e-16 2.676698e-18 -4.059306e-16
2.110000e-13 -4.086335e-16 2.702880e-18 -4.059306e-16
2.120000e-13 -4.086596e-16 2.729001e-18 -4.059306e-16
2.130000e-13 -4.086855e-16 2.754861e-18 -4.059306e-16
2.140000e-13 -4.087109e-16 2.780265e-18 -4.059307e-16
2.150000e-13 -4.087357e-16 2.805021e-18 -4.059307e-16
2.160000e-13 -4.087596e-16 2.828946e-18 -4.059307e-16
2.170000e-13 -4.087825e-16 2.851859e-18 -4.059307e-16
2.180000e-13 -4.088043e-16 2.873592e-18 -4.059307e-16
2.190000e-13 -4.088247e-16 2.893984e-18 -4.059307e-16
2.200000e-13 -4.088436e-16 2.912884e-18 -4.059307e-16
2.210000e-13 -4.088609e-16 2.930153e-18 -4.059307e-16
2.220000e-13 -4.088764e-16 2.945666e-18 -4.059307e-16
2.230000e-13 -4.088900e-16 2.959307e-18 -4.059307e-16
2.240000e-13 -4.089017e-16 2.970978e-18 -4.059307e-16
2.250000e-13 -4.089113e-16 2.980591e-18 -4.059307e-16
2.260000e-13 -4.089188e-16 2.988077e-18 -4.059308e-16
2.270000e-13 -4.089241e-16 2.993378e-18 -4.059308e-16
2.280000e-13 -4.089272e-16 2.996454e-18 -4.059308e-16
2.290000e-13 -4.089280e-16 2.997280e-18 -4.059308e-16
2.300000e-13 -4.089266e-16 2.995847e-18 -4.059308e-16
2.310000e-13 -4.089229e-16 2.992159e-18 -4.059308e-16
2.320000e-13 -4.089170e-16 2.986239e-18 -4.059308e-16
2.330000e-13 -4.089089e-16 2.978122e-18 -4.059307e-16
2.340000e-13 -4.088986e-16 2.967861e-18 -4.059307e-16
2.350000e-13 -4.088863e-16 2.955521e-18 -4.059307e-16
2.360000e-13 -4.088719e-16 2.941181e-18 -4.059307e-16
2.370000e-13 -4.088557e-16 2.924934e-18 -4.059307e-16
2.380000e-13 -4.088376e-16 2.906886e-18 -4.059307e-16
2.390000e-13 -4.088179e-16 2.887154e-18 -4.059307e-16
2.400000e-13 -4.087966e-16 2.865867e-18 -4.059307e-16
2.410000e-13 -4.087739e-16 2.843162e-18 -4.059307e-16
2.420000e-13 -4.087499e-16 2.819188e-18 -4.059307e-16
2.430000e-13 -4.087248e-16 2.794100e-18 -4.059307e-16
2.440000e-13 -4.086987e-16 2.768061e-18 -4.059307e-16
2.450000e-13 -4.086719e-16 2.741239e-18 -4.059307e-16
2.460000e-13 -4.086445e-16 2.713807e-18 -4.059306e-16
2.470000e-13 -4.086166e-16 2.685944e-18 -4.059306e-16
2.480000e-13 -4.085884e-16 2.657828e-18 -4.059306e-16
2.490000e-13 -4.085602e-16 2.629640e-18 -4.059306e-16
2.500000e-13 -4.085322e-16 2.601562e-18 -4.059306e-16
2.510000e-13 -4.085044e-16 2.573772e-18 -4.059306e-16
2.520000e-13 -4.084770e-16 2.546448e-18 -4.059306e-16
2.530000e-13 -4.084503e-16 2.519764e-18 -4.059306e-16
2.540000e-13 -4.084244e-16 2.493890e-18 -4.059306e-16
2.550000e-13 -4.083995e-16 2.468988e-18 -4.059305e-16
2.560000e-13 -4.083758e-16 2.445215e-18 -4.059305e-16
2.570000e-13 -4.083532e-16 2.422721e-18 -4.059305e-16
2.580000e-13 -4.083322e-16 2.401645e-18 -4.059305e-16
2.590000e-13 -4.083126e-16 2.382117e-18 -4.059305e-16
2.600000e-13 -4.082948e-16 2.364258e-18 -4.059305e-16
2.610000e-13 -4.082787e-16 2.348175e-18 -4.059305e-16
2.620000e-13 -4.082645e-16 2.333966e-18 -4.059305e-16
2.630000e-13 -4.082522e-16 2.321713e-18 -4.059305e-16
2.640000e-13 -4.082420e-16 2.311489e-18 -4.059305e-16
2.650000e-13 -4.082338e-16 2.303349e-18 -4.059305e-16
2.660000e-13 -4.082278e-16 2.297338e-18 -4.059305e-16
2.670000e-13 -4.082240e-16 2.293485e-18 -4.059305e-16
2.680000e-13 -4.082223e-16 2.291805e-18 -4.059305e-16
2.690000e-13 -4.082228e-16 2.292298e-18 -4.059305e-16
2.700000e-13 -4.082254e-16 2.294952e-18 -4.059305e-16
2.710000e-13 -4.082302e-16 2.299737e-18 -4.059305e-16
2.720000e-13 -4.082371e-16 2.306614e-18 -4.059305e-16
2.730000e-13 -4.082460e-16 2.315527e-18 -4.059305e-16
2.740000e-13 -4.082569e-16 2.326409e-18 -4.059305e-16
2.750000e-13 -4.082697e-16 2.339178e-18 -4.059305e-16
2.760000e-13 -4.082843e-16 2.353742e-18 -4.059305e-16
2.770000e-13 -4.083005e-16 2.369998e-18 -4.059305e-16
2.780000e-13 -4.083184e-16 2.387831e-18 -4.059305e-16
2.790000e-13 -4.083377e-16 2.407118e-18 -4.059305e-16
2.800000e-13 -4.083583e-16 2.427725e-18 -4.059305e-16
2.810000e-13 -4.083801e-16 2.449512e-18 -4.059306e-16
2.820000e-13 -4.084029e-16 2.472332e-18 -4.059306e-16
2.830000e-13 -4.084266e-16 2.496031e-18 -4.059306e-16
2.840000e-13 -4.084510e-16 2.520451e-18 -4.059306e-16
2.850000e-13 -4.084760e-16 2.545430e-18 -4.059306e-16
2.860000e-13 -4.085014e-16 2.570804e-18 -4.059306e-16
2.870000e-13 -4.085270e-16 2.596407e-18 -4.059306e-16
2.880000e-13 -4.085527e-16 2.622073e-18 -4.059306e-16
2.890000e-13 -4.085783e-16 2.647635e-18 -4.059306e-16
2.900000e-13 -4.086036e-16 2.672932e-18 -4.059306e-16
2.910000e-13 -4.086285e-16 2.697801e-18 -4.059307e-16
2.920000e-13 -4.086527e-16 2.722087e-18 -4.059307e-16
2.930000e-13 -4.086763e-16 2.745637e-18 -4.059307e-16
2.940000e-13 -4.086990e-16 2.768306e-18 -4.059307e-16
2.950000e-13 -4.087206e-16 2.789956e-18 -4.059307e-16
2.960000e-13 -4.087412e-16 2.810455e-18 -4.059307e-16
2.970000e-13 -4.087604e-16 2.829682e-18 -4.059307e-16
2.980000e-13 -4.087782e-16 2.847524e-18 -4.059307e-16
2.990000e-13 -4.087946e-16 2.863878e-18 -4.059307e-16
3.000000e-13 -4.088094e-16 2.878653e-18 -4.059307e-16
3.010000e-13 -4.088225e-16 2.891767e-18 -4.059307e-16
3.020000e-13 -4.088339e-16 2.903154e-18 -4.059307e-16
3.030000e-13 -4.088435e-16 2.912755e-18 -4.059307e-16
3.040000e-13 -4.088513e-16 2.920527e-18 -4.059307e-16
3.050000e-13 -4.088572e-16 2.926440e-18 -4.059307e-16
3.060000e-13 -4.088612e-16 2.930473e-18 -4.059307e-16
3.070000e-13 -4.088634e-16 2.932623e-18 -4.059307e-16
3.080000e-13 -4.088636e-16 2.932896e-18 -4.059307e-16
3.090000e-13 -4.088620e-16 2.931313e-18 -4.059307e-16
3.100000e-13 -4.088586e-16 2.927906e-18 -4.059307e-16
3.110000e-13 -4.088534e-16 2.922720e-18 -4.059307e-16
3.120000e-13 -4.088465e-16 2.915812e-18 -4.059307e-16
3.130000e-13 -4.088380e-16 2.907252e-18 -4.059307e-16
3.140000e-13 -4.088278e-16 2.897117e-18 -4.059307e-16
3.150000e-13 -4.088162e-16 2.885498e-18 -4.059307e-16
3.160000e-13 -4.088032e-16 2.872495e-18 -4.059307e-16
3.170000e-13 -4.087889e-16 2.858215e-18 -4.059307e-16
3.180000e-13 -4.087735e-16 2.842775e-18 -4.059307e-16
3.190000e-13 -4.087570e-16 2.826300e-18 -4.059307e-16
3.200000e-13 -4.087396e-16 2.808921e-18 -4.059307e-16
3.210000e-13 -4.087214e-16 2.790772e-18 -4.059307e-16
3.220000e-13 -4.087026e-16 2.771995e-18 -4.059306e-16
3.230000e-13 -4.086834e-16 2.752735e-18 -4.059306e-16
3.240000e-13 -4.086638e-16 2.733139e-18 -4.059306e-16
3.250000e-13 -4.086440e-16 2.713355e-18 -4.059306e-16
3.260000e-13 -4.086241e-16 2.693533e-18 -4.059306e-16
3.270000e-13 -4.086044e-16 2.673822e-18 -4.059306e-16
3.280000e-13 -4.085850e-16 2.654369e-18 -4.059306e-16
3.290000e-13 -4.085659e-16 2.635319e-18 -4.059306e-16
3.300000e-13 -4.085474e-16 2.616814e-18 -4.059306e-16
3.310000e-13 -4.085296e-16 2.598991e-18 -4.059306e-16
3.320000e-13 -4.085125e-16 2.581981e-18 -4.059306e-16
3.330000e-13 -4.084965e-16 2.565910e-18 -4.059305e-16
3.340000e-13 -4.084814e-16 2.550896e-18 -4.059305e-16
3.350000e-13 -4.084676e-16 2.537050e-18 -4.059305e-16
3.360000e-13 -4.084550e-16 2.524473e-18 -4.059305e-16
3.370000e-13 -4.084438e-16 2.513258e-18 -4.059305e-16
3.380000e-13 -4.084340e-16 2.503488e-18 -4.059305e-16
3.390000e-13 -4.084257e-16 2.495233e-18 -4.059305e-16
3.400000e-13 -4.084191e-16 2.488555e-18 -4.059305e-16
3.410000e-13 -4.084140e-16 2.483504e-18 -4.059305e-16
3.420000e-13 -4.084106e-16 2.480118e-18 -4.059305e-16
3.430000e-13 -4.084089e-16 2.478422e-18 -4.059305e-16
3.440000e-13 -4.084089e-16 2.478432e-18 -4.059305e-16
3.450000e-13 -4.084107e-16 2.480149e-18 -4.059305e-16
3.460000e-13 -4.084141e-16 2.483563e-18 -4.059305e-16
3.470000e-13 -4.084192e-16 2.488653e-18 -4.059305e-16
3.480000e-13 -4.084259e-16 2.495386e-18 -4.059305e-16
3.490000e-13 -4.084342e-16 2.503716e-18 -4.059305e-16
3.500000e-13 -4.084441e-16 2.513589e-18 -4.059305e-16
3.510000e-13 -4.084555e-16 2.524937e-18 -4.059305e-16
3.520000e-13 -4.084682e-16 2.537686e-18 -4.059305e-16
3.530000e-13 -4.084823e-16 2.551749e-18 -4.059305e-16
3.540000e-13 -4.084976e-16 2.567031e-18 -4.059305e-16
3.550000e-13 -4.085140e-16 2.583432e-18 -4.059306e-16
3.560000e-13 -4.085314e-16 2.600840e-18 -4.059306e-16
3.570000e-13 -4.085497e-16 2.619140e-18 -4.059306e-16
3.580000e-13 -4.085688e-16 2.638210e-18 -4.059306e-16
3.590000e-13 -4.085885e-16 2.657923e-18 -4.059306e-16
3.600000e-13 -4.086087e-16 2.678150e-18 -4.059306e-16
3.610000e-13 -4.086294e-16 2.698756e-18 -4.059306e-16
3.620000e-13 -4.086502e-16 2.719607e-18 -4.059306e-16
3.630000e-13 -4.086712e-16 2.740565e-18 -4.059306e-16
3.640000e-13 -4.086921e-16 2.761495e-18 -4.059306e-16
3.650000e-13 -4.087129e-16 2.782261e-18 -4.059306e-16
3.660000e-13 -4.087334e-16 2.802729e-18 -4.059306e-16
3.670000e-13 -4.087534e-16 2.822767e-18 -4.059307e-16
3.680000e-13 -4.087729e-16 2.842248e-18 -4.059307e-16
3.690000e-13 -4.087917e-16 2.861049e-18 -4.059307e-16
3.700000e-13 -4.088097e-16 2.879050e-18 -4.059307e-16
3.710000e-13 -4.088268e-16 2.896140e-18 -4.059307e-16
3.720000e-13 -4.088429e-16 2.912212e-18 -4.059307e-16
3.730000e-13 -4.088579e-16 2.927168e-18 -4.059307e-16
3.740000e-13 -4.088716e-16 2.940917e-18 -4.059307e-16
3.750000e-13 -4.088841e-16 2.953376e-18 -4.059307e-16
3.760000e-13 -4.088952e-16 2.964472e-18 -4.059307e-16
3.770000e-13 -4.089048e-16 2.974139e-18 -4.059307e-16
3.780000e-13 -4.089130e-16 2.982324e-18 -4.059307e-16
3.790000e-13 -4.089197e-16 2.988980e-18 -4.059307e-16
3.800000e-13 -4.089248e-16 2.994073e-18 -4.059307e-16
3.810000e-13 -4.089283e-16 2.997577e-18 -4.059307e-16
3.820000e-13 -4.089302e-16 2.999477e-18 -4.059307e-16
3.830000e-13 -4.089305e-16 2.999769e-18 -4.059307e-16
3.840000e-13 -4.089292e-16 2.998458e-18 -4.059307e-16
3.850000e-13 -4.089263e-16 2.995559e-18 -4.059307e-16
3.860000e-13 -4.089218e-16 2.991097e-18 -4.059307e-16
3.870000e-13 -4.089158e-16 2.985106e-18 -4.059307e-16
3.880000e-13 -4.089083e-16 2.977630e-18 -4.059307e-16
3.890000e-13 -4.088994e-16 2.968721e-18 -4.059307e-16
3.900000e-13 -4.088891e-16 2.958439e-18 -4.059307e-16
3.910000e-13 -4.088775e-16 2.946852e-18 -4.059307e-16
3.920000e-13 -4.088647e-16 2.934035e-18 -4.059307e-16
3.930000e-13 -4.088508e-16 2.920071e-18 -4.059307e-16
3.940000e-13 -4.088357e-16 2.905046e-18 -4.059307e-16
3.950000e-13 -4.088197e-16 2.889054e-18 -4.059307e-16
3.960000e-13 -4.088029e-16 2.872193e-18 -4.059307e-16
3.970000e-13 -4.087852e-16 2.854564e-18 -4.059307e-16
3.980000e-13 -4.087669e-16 2.836272e-18 -4.059306e-16
3.990000e-13 -4.087481e-16 2.817425e-18 -4.059306e-16
4.000000e-13 -4.087288e-16 2.798130e-18 -4.059306e-16
4.010000e-13 -4.087091e-16 2.778499e-18 -4.059306e-16
4.020000e-13 -4.086893e-16 2.758641e-18 -4.059306e-16
4.030000e-13 -4.086693e-16 2.738666e-18 -4.059306e-16
4.040000e-13 -4.086493e-16 2.718682e-18 -4.059306e-16
4.050000e-13 -4.086294e-16 2.698797e-18 -4.059306e-16
4.060000e-13 -4.086097e-16 2.679114e-18 -4.059306e-16
4.070000e-13 -4.085903e-16 2.659735e-18 -4.059306e-16
4.080000e-13 -4.085713e-16 2.640755e-18 -4.059306e-16
4.090000e-13 -4.085528e-16 2.622269e-18 -4.059306e-16
4.100000e-13 -4.085349e-16 2.604364e-18 -4.059306e-16
4.110000e-13 -4.085177e-16 2.587123e-18 -4.059306e-16
4.120000e-13 -4.085012e-16 2.570622e-18 -4.059306e-16
4.130000e-13 -4.084855e-16 2.554933e-18 -4.059306e-16
4.140000e-13 -4.084707e-16 2.540119e-18 -4.059306e-16
4.150000e-13 -4.084568e-16 2.526238e-18 -4.059306e-16
4.160000e-13 -4.084439e-16 2.513339e-18 -4.059306e-16
4.170000e-13 -4.084320e-16 2.501467e-18 -4.059305e-16
4.180000e-13 -4.084212e-16 2.490658e-18 -4.059305e-16
4.190000e-13 -4.084115e-16 2.480938e-18 -4.059305e-16
4.200000e-13 -4.084029e-16 2.472331e-18 -4.059305e-16
4.210000e-13 -4.083954e-16 2.464849e-18 -4.059305e-16
4.220000e-13 -4.083890e-16 2.458500e-18 -4.059305e-16
4.230000e-13 -4.083838e-16 2.453282e-18 -4.059305e-16
4.240000e-13 -4.083797e-16 2.449188e-18 -4.059305e-16
4.250000e-13 -4.083768e-16 2.446204e-18 -4.059305e-16
4.260000e-13 -4.083749e-16 2.444309e-18 -4.059305e-16
4.270000e-13 -4.083740e-16 2.443477e-18 -4.059306e-16
4.280000e-13 -4.083742e-16 2.443675e-18 -4.059306e-16
4.290000e-13 -4.083754e-16 2.444865e-18 -4.059306e-16
4.300000e-13 -4.083776e-16 2.447005e-18 -4.059306e-16
4.310000e-13 -4.083806e-16 2.450047e-18 -4.059306e-16
4.320000e-13 -4.083845e-16 2.453939e-18 -4.059306e-16
4.330000e-13 -4.083892e-16 2.458627e-18 -4.059306e-16
4.340000e-13 -4.083946e-16 2.464053e-18 -4.059306e-16
4.350000e-13 -4.084007e-16 2.470155e-18 -4.059306e-16
4.360000e-13 -4.084075e-16 2.476870e-18 -4.059306e-16
4.370000e-13 -4.084147e-16 2.484135e-18 -4.059306e-16
4.380000e-13 -4.084225e-16 2.491883e-18 -4.059306e-16
4.390000e-13 -4.084306e-16 2.500048e-18 -4.059306e-16
4.400000e-13 -4.084392e-16 2.508563e-18 -4.059306e-16
4.410000e-13 -4.084480e-16 2.517362e-18 -4.059306e-16
4.420000e-13 -4.084570e-16 2.526379e-18 -4.059306e-16
4.430000e-13 -4.084662e-16 2.535550e-18 -4.059306e-16
4.440000e-13 -4.084754e-16 2.544812e-18 -4.059306e-16
4.450000e-13 -4.084847e-16 2.554104e-18 -4.059306e-16
4.460000e-13 -4.084940e-16 2.563367e-18 -4.059306e-16
4.470000e-13 -4.085032e-16 2.572547e-18 -4.059306e-16
4.480000e-13 -4.085122e-16 2.581589e-18 -4.059306e-16
4.490000e-13 -4.085211e-16 2.590445e-18 -4.059306e-16
4.500000e-13 -4.085297e-16 2.599067e-18 -4.059306e-16
4.510000e-13 -4.085380e-16 2.607414e-18 -4.059306e-16
4.520000e-13 -4.085461e-16 2.615447e-18 -4.059306e-16
4.530000e-13 -4.085538e-16 2.623131e-18 -4.059306e-16
4.540000e-13 -4.085611e-16 2.630435e-18 -4.059306e-16
4.550000e-13 -4.085680e-16 2.637334e-18 -4.059306e-16
4.560000e-13 -4.085744e-16 2.643806e-18 -4.059306e-16
4.570000e-13 -4.085805e-16 2.649831e-18 -4.059306e-16
4.580000e-13 -4.085860e-16 2.655398e-18 -4.059306e-16
4.590000e-13 -4.085911e-16 2.660495e-18 -4.059306e-16
4.600000e-13 -4.085958e-16 2.665118e-18 -4.059306e-16
4.610000e-13 -4.085999e-16 2.669264e-18 -4.059306e-16
4.620000e-13 -4.086036e-16 2.672936e-18 -4.059306e-16
4.630000e-13 -4.086068e-16 2.676140e-18 -4.059306e-16
4.640000e-13 -4.086095e-16 2.678885e-18 -4.059306e-16
4.650000e-13 -4.086118e-16 2.681183e-18 -4.059306e-16
4.660000e-13 -4.086137e-16 2.683049e-18 -4.059306e-16
4.670000e-13 -4.086151e-16 2.684501e-18 -4.059306e-16
4.680000e-13 -4.086162e-16 2.685560e-18 -4.059306e-16
4.690000e-13 -4.086169e-16 2.686247e-18 -4.059306e-16
4.700000e-13 -4.086172e-16 2.686588e-18 -4.059306e-16
4.710000e-13 -4.086172e-16 2.686608e-18 -4.059306e-16
4.720000e-13 -4.086170e-16 2.686335e-18 -4.059306e-16
4.730000e-13 -4.086164e-16 2.685796e-18 -4.059306e-16
4.740000e-13 -4.086156e-16 2.685020e-18 -4.059306e-16
4.750000e-13 -4.086147e-16 2.684036e-18 -4.059306e-16
4.760000e-13 -4.086135e-16 2.682874e-18 -4.059306e-16
4.770000e-13 -4.086122e-16 2.681563e-18 -4.059306e-16
4.780000e-13 -4.086108e-16 2.680130e-18 -4.059306e-16
4.790000e-13 -4.086092e-16 2.678605e-18 -4.059306e-16
4.800000e-13 -4.086076e-16 2.677013e-18 -4.059306e-16
4.810000e-13 -4.086060e-16 2.675380e-18 -4.059306e-16
4.820000e-13 -4.086043e-16 2.673731e-18 -4.059306e-16
4.830000e-13 -4.086027e-16 2.672088e-18 -4.059306e-16
4.840000e-13 -4.086011e-16 2.670473e-18 -4.059306e-16
4.850000e-13 -4.085995e-16 2.668904e-18 -4.059306e-16
4.860000e-13 -4.085980e-16 2.667398e-18 -4.059306e-16
4.870000e-13 -4.085966e-16 2.665971e-18 -4.059306e-16
4.880000e-13 -4.085952e-16 2.664635e-18 -4.059306e-16
4.890000e-13 -4.085940e-16 2.663402e-18 -4.059306e-16
4.900000e-13 -4.085929e-16 2.662279e-18 -4.059306e-16
4.910000e-13 -4.085919e-16 2.661274e-18 -4.059306e-16
4.920000e-13 -4.085910e-16 2.660390e-18 -4.059306e-16
4.930000e-13 -4.085902e-16 2.659629e-18 -4.059306e-16
4.940000e-13 -4.085896e-16 2.658992e-18 -4.059306e-16
4.950000e-13 -4.085891e-16 2.658478e-18 -4.059306e-16
4.960000e-13 -4.085887e-16 2.658081e-18 -4.059306e-16
4.970000e-13 -4.085884e-16 2.657798e-18 -4.059306e-16
4.980000e-13 -4.085882e-16 2.657621e-18 -4.059306e-16
4.990000e-13 -4.085882e-16 2.657542e-18 -4.059306e-16
5.000000e-13 -4.085882e-16 2.657552e-18 -4.059306e-16
